7100 56636 740 spectral_issue
3764 55514 252 BAL
5796 56274 928 BAL
5394 56001 740 spectral_issue
5423 55958 740 spectral_issue
6190 56210 566 BAL
7879 57359 980 spectral_issue
7039 56572 720 spectral_issue
7622 56987 660 inproper_redshift
7449 56740 541 spectral_issue
5731 56363 507 spectral_issue
6685 56412 786 BAL
7385 56710 740 spectral_issue
5715 56657 774 spectral_issue
6741 56394 426 spectral_issue
5059 56190 626 BAL
4196 55478 986 BAL
8842 57424 50  spectral_issue
5798 56326 236 BAL
4775 55708 696 BAL
4491 55579 740 spectral_issue
5489 55990 358 BAL
4370 55534 384 BAL
6426 56334 602 BAL
6714 56447 854 BAL
2570 54081 578 BAL
4357 55829 674 BAL
4223 55451 574 BAL
6744 56399 394 BAL
7046 56568 425 strange_spectrum
6700 56384 802 BAL
7397 57129 637 BAL_lowz
8862 57461 344 incorrect_z
7397 57129 637 incorrect_z
6809 56454 684 BAL
5784 56029 662 BAL
8177 57374 411 BAL
3828 55539 558 BAL
4034 55635 558 BAL
7666 57339 127 BAL
1913 53321 396 BAL
4417 55829 528 BAL
